0 9
0 67
1 13
1 84
2 26
2 105
3 64
3 133
4 51
4 56
4 96
5 67
5 90
6 8
6 107
7 71
7 107
8 6
8 114
9 0
9 73
11 46
12 48
12 66
13 1
13 41
14 21
14 131
15 29
15 86
15 125
10 33
10 36
16 93
17 94
17 129
18 77
18 117
19 75
19 99
20 82
21 92
21 14
22 23
22 134
23 22
23 24
24 23
24 25
25 24
25 105
26 27
26 2
27 26
27 81
29 15
29 30
30 29
30 31
31 30
31 33
32 88
32 115
33 31
33 10
35 110
35 122
36 10
36 80
37 38
37 80
38 37
38 39
39 38
39 40
40 39
40 42
41 13
41 74
42 40
42 72
43 72
43 134
28 103
28 126
34 57
34 113
44 135
44 113
45 106
45 135
46 11
46 61
47 11
47 61
48 12
48 109
50 54
50 62
49 95
49 123
51 4
51 96
52 54
52 62
53 113
53 121
55 83
55 124
54 52
54 50
56 4
56 98
57 34
58 104
58 106
59 84
59 131
60 116
61 46
61 97
62 50
62 52
63 89
63 112
64 3
64 88
65 108
66 12
66 82
67 0
67 5
68 113
68 130
72 42
72 43
70 69
70 125
71 7
71 90
69 70
69 89
73 9
73 102
74 41
74 72
75 19
75 78
76 86
77 18
77 118
78 75
78 127
80 36
80 37
81 27
82 20
82 66
83 55
83 93
84 59
84 1
86 15
86 76
86 132
85 76
87 88
87 115
88 32
88 64
89 63
89 69
90 5
90 71
91 110
91 112
94 17
94 101
92 21
92 113
93 16
93 83
95 49
95 99
97 61
96 4
96 117
98 56
103 28
103 128
101 94
102 73
99 19
99 95
100 93
105 2
105 25
104 120
104 58
106 58
106 45
107 6
107 7
108 65
108 111
109 48
109 109
110 35
110 91
111 108
111 52
112 63
112 91
113 34
113 44
113 53
113 68
113 92
114 8
116 60
117 18
117 96
118 77
119 57
119 113
120 18
120 77
121 53
121 115
122 35
122 124
115 32
115 121
123 49
123 133
124 55
124 122
125 70
125 15
126 28
127 78
128 103
129 17
130 68
131 14
131 59
132 86
133 3
133 123
134 43
134 22
135 45
135 44